1.000000000000000000e+00 1.305000000000000000e+03 1.405000000000000000e+03 1.498000000000000000e+03
1.000000000000000000e+00 1.436000000000000000e+03 1.536000000000000000e+03 1.632000000000000000e+03
1.000000000000000000e+00 1.505000000000000000e+03 1.605000000000000000e+03 1.703000000000000000e+03
1.000000000000000000e+00 1.569000000000000000e+03 1.668000000000000000e+03 1.766000000000000000e+03
1.000000000000000000e+00 1.608000000000000000e+03 1.707000000000000000e+03 1.805000000000000000e+03
1.000000000000000000e+00 1.641000000000000000e+03 1.740000000000000000e+03 1.838000000000000000e+03
1.000000000000000000e+00 1.664000000000000000e+03 1.763000000000000000e+03 1.861000000000000000e+03
1.000000000000000000e+00 1.690000000000000000e+03 1.789000000000000000e+03 1.888000000000000000e+03
1.000000000000000000e+00 1.714000000000000000e+03 1.813000000000000000e+03 1.912000000000000000e+03
1.000000000000000000e+00 1.728000000000000000e+03 1.827000000000000000e+03 1.926000000000000000e+03
1.000000000000000000e+00 1.748000000000000000e+03 1.847000000000000000e+03 1.946000000000000000e+03
1.000000000000000000e+00 1.765000000000000000e+03 1.864000000000000000e+03 1.963000000000000000e+03
1.000000000000000000e+00 1.786000000000000000e+03 1.885000000000000000e+03 1.984000000000000000e+03
1.000000000000000000e+00 1.798000000000000000e+03 1.897000000000000000e+03 1.996000000000000000e+03
1.000000000000000000e+00 1.812000000000000000e+03 1.911000000000000000e+03 2.010000000000000000e+03
1.000000000000000000e+00 1.821000000000000000e+03 1.920000000000000000e+03 2.019000000000000000e+03
1.000000000000000000e+00 1.831000000000000000e+03 1.930000000000000000e+03 2.029000000000000000e+03
1.000000000000000000e+00 1.843000000000000000e+03 1.941000000000000000e+03 2.040000000000000000e+03
1.000000000000000000e+00 1.852000000000000000e+03 1.950000000000000000e+03 2.049000000000000000e+03
1.000000000000000000e+00 1.861000000000000000e+03 1.959000000000000000e+03 2.058000000000000000e+03
1.000000000000000000e+00 1.870000000000000000e+03 1.968000000000000000e+03 2.067000000000000000e+03
1.000000000000000000e+00 1.876000000000000000e+03 1.974000000000000000e+03 2.073000000000000000e+03
1.000000000000000000e+00 1.883000000000000000e+03 1.981000000000000000e+03 2.080000000000000000e+03
1.000000000000000000e+00 1.891000000000000000e+03 1.989000000000000000e+03 2.088000000000000000e+03
1.000000000000000000e+00 1.896000000000000000e+03 1.994000000000000000e+03 2.093000000000000000e+03
1.000000000000000000e+00 1.903000000000000000e+03 2.001000000000000000e+03 2.100000000000000000e+03
1.000000000000000000e+00 1.911000000000000000e+03 2.009000000000000000e+03 2.108000000000000000e+03
1.000000000000000000e+00 1.917000000000000000e+03 2.014000000000000000e+03 2.113000000000000000e+03
1.000000000000000000e+00 1.924000000000000000e+03 2.021000000000000000e+03 2.122000000000000000e+03
1.000000000000000000e+00 1.929000000000000000e+03 2.026000000000000000e+03 2.127000000000000000e+03
1.000000000000000000e+00 1.934000000000000000e+03 2.031000000000000000e+03 2.133000000000000000e+03
1.000000000000000000e+00 1.942000000000000000e+03 2.039000000000000000e+03 2.141000000000000000e+03
1.000000000000000000e+00 1.945000000000000000e+03 2.042000000000000000e+03 2.144000000000000000e+03
1.000000000000000000e+00 1.949000000000000000e+03 2.046000000000000000e+03 2.148000000000000000e+03
1.000000000000000000e+00 1.956000000000000000e+03 2.053000000000000000e+03 2.155000000000000000e+03
1.000000000000000000e+00 1.963000000000000000e+03 2.060000000000000000e+03 2.162000000000000000e+03
1.000000000000000000e+00 1.967000000000000000e+03 2.064000000000000000e+03 2.166000000000000000e+03
1.000000000000000000e+00 1.972000000000000000e+03 2.069000000000000000e+03 2.171000000000000000e+03
1.000000000000000000e+00 1.977000000000000000e+03 2.074000000000000000e+03 2.176000000000000000e+03
1.000000000000000000e+00 1.982000000000000000e+03 2.079000000000000000e+03 2.181000000000000000e+03
1.000000000000000000e+00 1.984000000000000000e+03 2.081000000000000000e+03 2.184000000000000000e+03
1.000000000000000000e+00 1.987000000000000000e+03 2.084000000000000000e+03 2.187000000000000000e+03
1.000000000000000000e+00 1.996000000000000000e+03 2.093000000000000000e+03 2.196000000000000000e+03
1.000000000000000000e+00 1.997000000000000000e+03 2.094000000000000000e+03 2.197000000000000000e+03
1.000000000000000000e+00 2.002000000000000000e+03 2.099000000000000000e+03 2.202000000000000000e+03
1.000000000000000000e+00 2.007000000000000000e+03 2.104000000000000000e+03 2.207000000000000000e+03
1.000000000000000000e+00 2.014000000000000000e+03 2.111000000000000000e+03 2.214000000000000000e+03
1.000000000000000000e+00 2.019000000000000000e+03 2.116000000000000000e+03 2.219000000000000000e+03
1.000000000000000000e+00 2.025000000000000000e+03 2.122000000000000000e+03 2.225000000000000000e+03
1.000000000000000000e+00 2.029000000000000000e+03 2.126000000000000000e+03 2.229000000000000000e+03
