2.441499999999999915e+01 2.460300000000000153e+01 1.607500000000000639e+01
2.805100000000001259e+01 2.768500000000000938e+01 1.683600000000000207e+01
2.994299999999999429e+01 2.967000000000000171e+01 1.729699999999999704e+01
3.145200000000000173e+01 3.112800000000000722e+01 1.757199999999999918e+01
3.288599999999999568e+01 3.252299999999998192e+01 1.769200000000000372e+01
3.418199999999999505e+01 3.331000000000000227e+01 1.790999999999999659e+01
3.418399999999998329e+01 3.438300000000000978e+01 1.816300000000000026e+01
3.517800000000000438e+01 3.493799999999998818e+01 1.814999999999999858e+01
3.558400000000002450e+01 3.603300000000000836e+01 1.809600000000000719e+01
3.607300000000000750e+01 3.633799999999999386e+01 1.828500000000000369e+01
3.644799999999999329e+01 3.705800000000001404e+01 1.846400000000000219e+01
3.728199999999998937e+01 3.720700000000001495e+01 1.845899999999999963e+01
3.761199999999999477e+01 3.737800000000000011e+01 1.850400000000000134e+01
3.771800000000001774e+01 3.770100000000000051e+01 1.869800000000000040e+01
3.808699999999999619e+01 3.848199999999998511e+01 1.861800000000000566e+01
3.857200000000000273e+01 3.881000000000000227e+01 1.877800000000000225e+01
3.921000000000000796e+01 3.906400000000000716e+01 1.905199999999999960e+01
3.916899999999998272e+01 3.922199999999999420e+01 1.882799999999999940e+01
3.965600000000001302e+01 3.924600000000000222e+01 1.897200000000000131e+01
4.001200000000000045e+01 3.930799999999998562e+01 1.876300000000000168e+01
4.002000000000001023e+01 3.984799999999999187e+01 1.886799999999999855e+01
4.042600000000000193e+01 4.004700000000000415e+01 1.900900000000000745e+01
4.082800000000000296e+01 4.020800000000001262e+01 1.905999999999999162e+01
4.057700000000001239e+01 4.020599999999999596e+01 1.898200000000000998e+01
4.085400000000001342e+01 4.090999999999998948e+01 1.911799999999999855e+01
4.165500000000000824e+01 4.048899999999999721e+01 1.920800000000000551e+01
4.141599999999999682e+01 4.108799999999999386e+01 1.931700000000000372e+01
4.164899999999999380e+01 4.157000000000000028e+01 1.929399999999999338e+01
4.168300000000001404e+01 4.134199999999997743e+01 1.912599999999999767e+01
4.231600000000000250e+01 4.196700000000000585e+01 1.950900000000000389e+01
4.228500000000001791e+01 4.183299999999999841e+01 1.933499999999999730e+01
4.226000000000003354e+01 4.169699999999999562e+01 1.934400000000000830e+01
4.231300000000000239e+01 4.203400000000000603e+01 1.937700000000000244e+01
4.270799999999999130e+01 4.207700000000000529e+01 1.940200000000000102e+01
4.307000000000000028e+01 4.250300000000001432e+01 1.940899999999999892e+01
4.302900000000000347e+01 4.265900000000001313e+01 1.930100000000000193e+01
4.321999999999999176e+01 4.270200000000000529e+01 1.938399999999999324e+01
4.291800000000001347e+01 4.286700000000000443e+01 1.942200000000000415e+01
4.268800000000000239e+01 4.286000000000000654e+01 1.942699999999999960e+01
4.312900000000000489e+01 4.311800000000000921e+01 1.936199999999999832e+01
4.364199999999998170e+01 4.352800000000002001e+01 1.946599999999999753e+01
4.398899999999999721e+01 4.391400000000001569e+01 1.944000000000000128e+01
4.392800000000001148e+01 4.354200000000001580e+01 1.925900000000000034e+01
4.426799999999999358e+01 4.379099999999996840e+01 1.940899999999999181e+01
4.442100000000000648e+01 4.400400000000001199e+01 1.945700000000000429e+01
4.417300000000000892e+01 4.421999999999999176e+01 1.958199999999999719e+01
4.468700000000000472e+01 4.436899999999999977e+01 1.953000000000000824e+01
4.411299999999999955e+01 4.413700000000000756e+01 1.965299999999999869e+01
4.448600000000000421e+01 4.442800000000001859e+01 1.981999999999999673e+01
4.457299999999999329e+01 4.503499999999998948e+01 1.970399999999999707e+01
