8.882000000000001450e+00 7.143999999999996575e+00 1.308200000000000074e+01
1.004600000000000293e+01 8.118000000000000327e+00 1.507800000000000473e+01
1.035599999999999987e+01 8.671999999999998820e+00 1.646200000000000330e+01
1.075199999999999889e+01 9.214000000000000412e+00 1.755200000000000315e+01
1.122199999999999775e+01 9.545999999999997598e+00 1.811600000000000321e+01
1.152000000000000313e+01 9.832000000000000739e+00 1.878400000000000247e+01
1.173200000000000109e+01 1.014199999999999946e+01 1.948199999999999932e+01
1.188399999999999856e+01 1.034800000000000253e+01 1.978800000000000026e+01
1.210399999999999920e+01 1.051199999999999868e+01 2.024200000000000443e+01
1.231399999999999828e+01 1.075799999999999912e+01 2.068599999999999994e+01
1.240399999999999814e+01 1.085599999999999987e+01 2.089000000000000057e+01
1.259399999999999942e+01 1.094399999999999906e+01 2.104600000000000293e+01
1.263799999999999990e+01 1.097199999999999598e+01 2.109200000000000230e+01
1.276799999999999713e+01 1.112999999999999723e+01 2.148800000000000665e+01
1.287199999999999811e+01 1.129799999999999649e+01 2.182999999999999474e+01
1.308199999999999541e+01 1.138400000000000034e+01 2.191399999999999793e+01
1.314600000000000080e+01 1.144800000000000040e+01 2.199399999999999622e+01
1.323199999999999754e+01 1.155600000000000094e+01 2.217999999999999972e+01
1.315999999999999837e+01 1.153200000000000358e+01 2.229599999999999937e+01
1.322599999999999731e+01 1.172600000000000087e+01 2.265600000000000236e+01
1.346000000000000263e+01 1.176400000000000112e+01 2.283599999999999497e+01
1.350800000000000445e+01 1.184599999999999653e+01 2.287400000000000588e+01
1.349000000000000199e+01 1.202799999999999869e+01 2.327200000000000202e+01
1.362600000000000122e+01 1.207000000000000206e+01 2.339600000000000435e+01
1.365799999999999947e+01 1.209199999999999875e+01 2.346999999999999886e+01
1.366400000000000325e+01 1.207400000000000340e+01 2.335000000000000497e+01
1.369400000000000084e+01 1.215000000000000036e+01 2.348999999999999844e+01
1.390199999999999569e+01 1.213800000000000345e+01 2.339400000000000190e+01
1.384999999999999787e+01 1.219600000000000151e+01 2.353599999999999426e+01
1.378600000000000136e+01 1.217599999999999838e+01 2.348600000000000776e+01
1.395999999999999730e+01 1.224600000000000222e+01 2.374599999999999866e+01
1.405400000000000027e+01 1.237400000000000055e+01 2.402600000000000335e+01
1.399599999999999866e+01 1.234199999999999875e+01 2.395199999999999818e+01
1.390999999999999837e+01 1.246000000000000263e+01 2.416800000000000637e+01
1.412000000000000277e+01 1.253599999999999959e+01 2.430000000000000426e+01
1.410600000000000165e+01 1.255199999999999960e+01 2.435599999999999810e+01
1.419400000000000084e+01 1.258800000000000097e+01 2.441999999999999460e+01
1.427199999999999847e+01 1.272800000000000153e+01 2.469200000000000372e+01
1.423400000000000176e+01 1.266000000000000014e+01 2.456999999999999673e+01
1.431400000000000006e+01 1.276599999999999646e+01 2.467000000000000526e+01
1.439000000000000057e+01 1.272800000000000153e+01 2.472400000000000375e+01
1.432200000000000095e+01 1.284200000000000585e+01 2.494599999999999440e+01
1.450000000000000178e+01 1.291000000000000014e+01 2.506999999999999673e+01
1.450000000000000178e+01 1.287400000000000055e+01 2.484599999999999298e+01
1.443999999999999950e+01 1.292999999999999972e+01 2.502399999999998670e+01
1.448199999999999577e+01 1.291399999999999615e+01 2.508999999999998209e+01
1.454199999999999804e+01 1.294999999999999574e+01 2.515599999999999170e+01
1.457399999999999629e+01 1.304600000000000115e+01 2.537599999999999412e+01
1.466400000000000503e+01 1.310600000000000165e+01 2.548999999999999844e+01
1.467600000000000193e+01 1.310999999999999766e+01 2.536799999999999855e+01
