8.769999999999997797e+00 9.769999999999997797e+00 1.067399999999999949e+01
1.017800000000000082e+01 1.117799999999999905e+01 1.213000000000000078e+01
1.093799999999999883e+01 1.193800000000000239e+01 1.290400000000000169e+01
1.151400000000000290e+01 1.251400000000000112e+01 1.348799999999999955e+01
1.195199999999999818e+01 1.295199999999999818e+01 1.393599999999999639e+01
1.229799999999999649e+01 1.329799999999999649e+01 1.428599999999999959e+01
1.255599999999999739e+01 1.355599999999999739e+01 1.454599999999999760e+01
1.285800000000000232e+01 1.385799999999999876e+01 1.484800000000000253e+01
1.309200000000000053e+01 1.409200000000000053e+01 1.508200000000000074e+01
1.329400000000000048e+01 1.429400000000000048e+01 1.528400000000000070e+01
1.345800000000000018e+01 1.445800000000000018e+01 1.544799999999999685e+01
1.363400000000000034e+01 1.463400000000000034e+01 1.562400000000000055e+01
1.378199999999999825e+01 1.478199999999999825e+01 1.577199999999999847e+01
1.392799999999999727e+01 1.492799999999999550e+01 1.591999999999999815e+01
1.404199999999999982e+01 1.504199999999999982e+01 1.603399999999999892e+01
1.416000000000000369e+01 1.516000000000000369e+01 1.615200000000000813e+01
1.429199999999999804e+01 1.529199999999999804e+01 1.628399999999999892e+01
1.443199999999999861e+01 1.543200000000000038e+01 1.642399999999999949e+01
1.450799999999999734e+01 1.550799999999999734e+01 1.650199999999999889e+01
1.462600000000000122e+01 1.562600000000000122e+01 1.662000000000000099e+01
1.471599999999999753e+01 1.571599999999999753e+01 1.670999999999999375e+01
1.481200000000000117e+01 1.581200000000000117e+01 1.680599999999999739e+01
1.488800000000000168e+01 1.588800000000000168e+01 1.688199999999999790e+01
1.496600000000000286e+01 1.596600000000000286e+01 1.696000000000000441e+01
1.502399999999999913e+01 1.602399999999999736e+01 1.701800000000000068e+01
1.509999999999999609e+01 1.609999999999999787e+01 1.709399999999999764e+01
1.518999999999999773e+01 1.619000000000000128e+01 1.718399999999999750e+01
1.525399999999999778e+01 1.625400000000000134e+01 1.724800000000000111e+01
1.529399999999999693e+01 1.629399999999999693e+01 1.728799999999999670e+01
1.536000000000000298e+01 1.636000000000000298e+01 1.735399999999999920e+01
1.542999999999999794e+01 1.642999999999999972e+01 1.742399999999999594e+01
1.549599999999999689e+01 1.649599999999999511e+01 1.748999999999999844e+01
1.554599999999999760e+01 1.654599999999999582e+01 1.753999999999999915e+01
1.560799999999999343e+01 1.660799999999999343e+01 1.760199999999999321e+01
1.566199999999999548e+01 1.666199999999999193e+01 1.765599999999999525e+01
1.570799999999999486e+01 1.670799999999999486e+01 1.770399999999999707e+01
1.576599999999999824e+01 1.676599999999999824e+01 1.776200000000000045e+01
1.582599999999999874e+01 1.682600000000000051e+01 1.782200000000000628e+01
1.588399999999999856e+01 1.688400000000000034e+01 1.787999999999999901e+01
1.593200000000000571e+01 1.693200000000000216e+01 1.792800000000000082e+01
1.599199999999999733e+01 1.699199999999999733e+01 1.798799999999999599e+01
1.604800000000000182e+01 1.704800000000000182e+01 1.804600000000000293e+01
1.608999999999999986e+01 1.708999999999999986e+01 1.808800000000000097e+01
1.613200000000000145e+01 1.713200000000000145e+01 1.813000000000000256e+01
1.618000000000000327e+01 1.718000000000000327e+01 1.817800000000000082e+01
1.621599999999999753e+01 1.721600000000000108e+01 1.821400000000000219e+01
1.626000000000000156e+01 1.726000000000000156e+01 1.825800000000000267e+01
1.629599999999999582e+01 1.729599999999999582e+01 1.829399999999999693e+01
1.633999999999999986e+01 1.733999999999999986e+01 1.833800000000000097e+01
1.639000000000000057e+01 1.739000000000000057e+01 1.838799999999999812e+01
