1.139999999999999858e+01 8.616999999999997328e+00 1.146400000000000041e+01
1.268999999999999950e+01 9.849000000000000199e+00 1.276199999999999513e+01
1.357600000000000406e+01 1.056000000000000227e+01 1.354199999999999093e+01
1.414899999999999913e+01 1.148299999999999699e+01 1.430999999999999694e+01
1.453699999999999548e+01 1.161700000000000088e+01 1.455000000000000604e+01
1.501400000000000112e+01 1.208100000000000307e+01 1.502800000000000225e+01
1.536799999999999322e+01 1.229500000000000526e+01 1.531699999999999839e+01
1.550600000000000200e+01 1.264799999999999969e+01 1.557500000000000462e+01
1.588899999999998869e+01 1.288699999999999868e+01 1.588100000000000556e+01
1.616300000000000381e+01 1.310100000000000620e+01 1.614800000000000324e+01
1.614100000000000534e+01 1.345099999999999874e+01 1.630300000000000082e+01
1.629599999999999582e+01 1.329899999999999949e+01 1.629099999999999682e+01
1.627599999999999625e+01 1.351200000000000045e+01 1.639700000000000202e+01
1.651199999999999690e+01 1.371499999999999986e+01 1.661700000000000799e+01
1.663799999999999812e+01 1.378900000000000148e+01 1.671900000000000475e+01
1.712599999999999412e+01 1.403599999999999604e+01 1.707199999999999562e+01
1.698000000000000043e+01 1.425699999999999967e+01 1.712500000000000000e+01
1.714199999999999591e+01 1.457499999999999929e+01 1.735799999999999699e+01
1.723100000000000520e+01 1.428900000000000148e+01 1.726200000000000401e+01
1.741999999999999815e+01 1.433999999999999808e+01 1.736499999999999844e+01
1.759299999999999642e+01 1.418399999999999928e+01 1.739800000000000324e+01
1.782199999999999207e+01 1.459699999999999775e+01 1.771399999999999864e+01
1.770199999999999463e+01 1.477899999999999814e+01 1.775499999999999901e+01
1.773899999999999011e+01 1.481099999999998929e+01 1.777200000000000202e+01
1.800199999999999889e+01 1.476500000000000767e+01 1.788399999999999324e+01
1.795799999999999486e+01 1.482600000000000051e+01 1.787500000000000355e+01
1.798300000000000054e+01 1.494600000000001039e+01 1.796800000000000352e+01
1.798999999999999488e+01 1.521900000000000119e+01 1.809799999999999898e+01
1.838900000000000645e+01 1.515900000000000070e+01 1.827699999999999392e+01
1.844000000000000128e+01 1.512600000000000300e+01 1.828599999999999781e+01
1.858999999999999631e+01 1.542500000000000604e+01 1.851800000000000068e+01
1.833800000000000097e+01 1.538300000000000267e+01 1.834700000000000131e+01
1.842299999999999827e+01 1.542400000000000126e+01 1.843500000000000583e+01
1.827300000000000679e+01 1.542500000000000426e+01 1.835700000000000287e+01
1.850599999999999312e+01 1.555199999999999072e+01 1.851900000000000190e+01
1.854600000000000648e+01 1.572900000000000098e+01 1.863299999999999912e+01
1.862799999999999656e+01 1.564000000000000057e+01 1.863400000000001100e+01
1.858000000000000185e+01 1.576599999999999646e+01 1.867500000000000426e+01
1.872000000000000597e+01 1.591999999999999993e+01 1.881599999999999895e+01
1.877200000000000912e+01 1.575100000000000300e+01 1.875499999999999190e+01
1.880799999999999983e+01 1.575799999999999912e+01 1.878799999999999670e+01
1.884200000000000230e+01 1.577199999999999669e+01 1.880000000000000426e+01
1.890000000000000568e+01 1.603700000000000259e+01 1.896899999999999764e+01
1.893500000000000583e+01 1.588000000000000256e+01 1.890600000000000591e+01
1.906700000000000017e+01 1.593599999999999461e+01 1.899700000000000344e+01
1.927100000000000080e+01 1.618400000000000460e+01 1.923200000000000287e+01
1.939799999999999613e+01 1.633499999999999730e+01 1.937600000000000122e+01
1.930799999999999983e+01 1.617299999999999827e+01 1.926099999999999923e+01
1.894699999999999207e+01 1.615999999999999659e+01 1.905400000000000560e+01
1.894899999999999096e+01 1.612400000000000233e+01 1.903600000000000847e+01
